Ankunft,Zugnr.,von (Abfahrt),Ankunftsbhf.
00:01,RE 73829,Frankfurt(Oder) (ab 22:55),Berlin Hbf
00:03 (+12),RE 3182,Stendal Hbf (ab 22:45),Berlin Hbf
00:07 (+32),ICE 907,Hamburg-Altona (ab 21:21),Berlin Hbf
00:18 (+2),ICE 101,Berlin Ostbahnhof (ab 00:11),Berlin Hbf
00:18 (+37),ICE 947,Köln Hbf (ab 19:26),Berlin Hbf
00:19,FEX19876,Schönefeld(bei Berlin) (ab 23:32),Berlin Hbf
00:27,RE 3745,Berlin Ostbahnhof (ab 00:16),Berlin Hbf
00:28 (+1),RE 3361,Bernau(b Berlin) (ab 00:08),Berlin Hbf
00:33,FEX19878,Schönefeld(bei Berlin) (ab 00:03),Berlin Hbf
00:34 (+1),RE 3366,Lutherstadt Wittenberg Hbf (ab 23:00),Berlin Hbf
00:38,RE 62038,Wustermark (ab 00:02),Berlin Hbf
00:39,RE 73797,Fangschleuse (ab 00:04),Berlin Hbf
00:44 (+15),ICE 790,Frankfurt(M) Flughafen Fernbf (ab 20:09),Berlin Hbf
00:47 (+5),RE 52836,Oranienburg (ab 00:15),Berlin Hbf
01:03,RE 3742,Beelitz-Heilstätten (ab 00:19),Berlin Hbf
01:11,RE 62089,Baruth(Mark) (ab 00:07),Berlin Hbf
01:13 (+4),RE 62041,Berlin Ostkreuz (ab 00:58),Berlin Hbf
01:21,RE 33842,Genthin (ab 00:01),Berlin Hbf
01:21,RE 73794,Potsdam Park Sanssouci (ab 00:47),Berlin Hbf
01:39 (+4),RE 73753,Frankfurt(Oder) (ab 00:24),Berlin Hbf
01:46,FEX19880,Schönefeld(bei Berlin) (ab 01:19),Berlin Hbf
01:46 (+1),RE 62042,Berlin-Charlottenburg (ab 01:38),Berlin Hbf
02:12 (+1),RE 62047,Schönefeld(bei Berlin) (ab 01:44),Berlin Hbf
02:12,RE 93047,Schönefeld(bei Berlin) (ab 01:44),Berlin Hbf
02:44,RE 62046,Wustermark (ab 02:10),Berlin Hbf
03:11,RE 62043,Schönefeld(bei Berlin) (ab 02:44),Berlin Hbf
03:11,RE 93143,Schönefeld(bei Berlin) (ab 02:44),Berlin Hbf
03:13,FEX19801,Berlin-Charlottenburg (ab 03:05),Berlin Hbf
03:28,FEX19803,Berlin-Charlottenburg (ab 03:20),Berlin Hbf
03:44,RE 62044,Berlin-Charlottenburg (ab 03:36),Berlin Hbf
04:09,RE 3700,Berlin Ostkreuz (ab 03:55),Berlin Hbf
04:09,RE 3705,Berlin Ostkreuz (ab 03:55),Berlin Hbf
04:09,RE 73752,Berlin Zoologischer Garten (ab 04:05),Berlin Hbf
04:14,RE 62001,Schönefeld(bei Berlin) (ab 03:47),Berlin Hbf
04:14,RE 92101,Schönefeld(bei Berlin) (ab 03:47),Berlin Hbf
04:21 (+1),ICE 646,Berlin Ostbahnhof (ab 04:11),Berlin Hbf
04:25,ICE 275,Berlin Ostbahnhof (ab 04:16),Berlin Hbf
04:27 (+3),ICE 501,Berlin Gesundbrunnen (ab 04:22),Berlin Hbf
04:31,RE 73800,Berlin-Charlottenburg (ab 04:23),Berlin Hbf
04:33,RE 3101,Berlin Ostkreuz (ab 04:17),Berlin Hbf
04:35,ICE 908,Berlin Südkreuz (ab 04:30),Berlin Hbf
04:39,RE 62048,Wustermark (ab 04:07),Berlin Hbf
04:39,RE 73757,Berlin Ostkreuz (ab 04:25),Berlin Hbf
04:44,RE 3369,Eberswalde Hbf (ab 04:03),Berlin Hbf
04:45,RE 3702,Beelitz-Heilstätten (ab 04:01),Berlin Hbf
04:59,RE 33646,Frankfurt(Oder) (ab 03:41),Berlin Hbf
05:02,RE 3144,Rathenow (ab 04:06),Berlin Hbf
05:04,FEX19800,Schönefeld(bei Berlin) (ab 04:28),Berlin Hbf
05:08,RE 52821,Berlin Südkreuz (ab 05:01),Berlin Hbf
05:10,RE 4351,Neustrelitz Hbf (ab 03:49),Berlin Hbf
05:11,RE 62051,Baruth(Mark) (ab 04:07),Berlin Hbf
05:12,RE 33835,Brandenburg Hbf (ab 04:17),Berlin Hbf
05:12,RE 3707,Berlin Ostbahnhof (ab 05:02),Berlin Hbf
05:12,RE 73754,Brandenburg Hbf (ab 04:17),Berlin Hbf
05:17,RE 62003,Flughafen BER (ab 04:36),Berlin Hbf
05:24 (+2),ICE 1701,Berlin Gesundbrunnen (ab 05:20),Berlin Hbf
05:24,ICE 946,Berlin Ostbahnhof (ab 05:16),Berlin Hbf
05:24,ICE 956,Berlin Ostbahnhof (ab 05:16),Berlin Hbf
05:27,RE 3340,Jüterbog (ab 04:32),Berlin Hbf
05:28,RE 3301,Angermünde (ab 04:20),Berlin Hbf
05:29,ICE 1158,Berlin Ostbahnhof (ab 05:21),Berlin Hbf
05:31,RE 62000,Wustermark (ab 04:59),Berlin Hbf
05:33,FEX19802,Schönefeld(bei Berlin) (ab 04:58),Berlin Hbf
05:39,ICE 608,Berlin Südkreuz (ab 05:33),Berlin Hbf
05:39,RE 33717,Berlin Ostkreuz (ab 05:26),Berlin Hbf
05:39,RE 73759,Berlin Ostkreuz (ab 05:26),Berlin Hbf
05:44 (+1),RE 3504,Berlin Südkreuz (ab 05:36),Berlin Hbf
05:45,RE 3704,Beelitz-Heilstätten (ab 05:00),Berlin Hbf
05:48,RB 18600,Berlin Südkreuz (ab 05:41),Berlin Hbf
05:54,RE 73714,Brandenburg Hbf (ab 05:05),Berlin Hbf
05:55 (+2),RE 3167,Jüterbog (ab 05:03),Berlin Hbf
05:56,ICE 1001,Berlin Gesundbrunnen (ab 05:50),Berlin Hbf
05:59,RE 73719,Eisenhüttenstadt (ab 04:26),Berlin Hbf
06:02 (+1),IC 240,Berlin Ostbahnhof (ab 05:53),Berlin Hbf
06:02,RE 3164,Stendal Hbf (ab 04:44),Berlin Hbf
06:03,FEX19804,Schönefeld(bei Berlin) (ab 05:30),Berlin Hbf
06:08 (+1),RB 18601,Wustermark (ab 05:38),Berlin Hbf
06:09 (+2),RE 3503,Neubrandenburg (ab 04:27),Berlin Hbf
06:11,RE 62053,Elsterwerda (ab 04:13),Berlin Hbf
06:12,RE 3709,Berlin Ostbahnhof (ab 06:02),Berlin Hbf
06:12,RE 73756,Magdeburg Hbf (ab 04:19),Berlin Hbf
06:18,RE 62005,Flughafen BER (ab 05:44),Berlin Hbf
06:20 Ausfall,ICE 100,Freiburg(Breisgau) Hbf (ab 19:55),Berlin Hbf
06:22,RE 73805,Frankfurt(Oder) (ab 05:18),Berlin Hbf
06:23,ICE 503,Berlin Gesundbrunnen (ab 06:19),Berlin Hbf
06:25 (+1),ICE 277,Berlin Ostbahnhof (ab 06:15),Berlin Hbf
06:25 (+2),ICE 2917,Berlin Ostbahnhof (ab 06:15),Berlin Hbf
06:28 (+1),RE 3341,Schwedt(Oder) (ab 05:06),Berlin Hbf
06:30 (+2),RE 3304,Lutherstadt Wittenberg Hbf (ab 05:05),Berlin Hbf
06:31 (+2),IC 494,Wien Hbf (ab 19:13),Berlin Hbf
06:33,FEX19806,Ludwigsfelde (ab 05:39),Berlin Hbf
06:35,ICE 808,Berlin Südkreuz (ab 06:29),Berlin Hbf
06:38,RE 62002,Elstal (ab 06:07),Berlin Hbf
06:39,RE 73761,Frankfurt(Oder) (ab 05:26),Berlin Hbf
06:42 (+2),ICE 644,Berlin Ostbahnhof (ab 06:44),Berlin Hbf
06:43,RE 4352,Berlin Südkreuz (ab 06:35),Berlin Hbf
06:44,RE 3706,Beelitz-Heilstätten (ab 06:01),Berlin Hbf
06:48,RB 18602,Berlin Südkreuz (ab 06:41),Berlin Hbf
06:49,ICE 674,Frankfurt(Main)Hbf (ab 23:35),Berlin Hbf
06:53,RE 3147,Falkenberg(Elster) (ab 05:14),Berlin Hbf
06:56 (+3),ICE 1103,Berlin Gesundbrunnen (ab 06:52),Berlin Hbf
06:57 (+2),RE 73716,Magdeburg Hbf (ab 05:12),Berlin Hbf
06:59,RE 33680,Eisenhüttenstadt (ab 05:36),Berlin Hbf
06:59,RE 73721,Eisenhüttenstadt (ab 05:36),Berlin Hbf
07:02,ICE 1052,Berlin Ostbahnhof (ab 06:53),Berlin Hbf
07:02 (+7),RE 3146,Stendal Hbf (ab 05:46),Berlin Hbf
07:03,FEX19808,Flughafen BER (ab 06:28),Berlin Hbf
07:06 (+2),RE 3331,Pasewalk (ab 05:17),Berlin Hbf
07:06,RE 94461,Pasewalk (ab 05:17),Berlin Hbf
07:07,RE 52823,Berlin Südkreuz (ab 07:01),Berlin Hbf
07:09 (+15),RB 18603,Wustermark (ab 06:38),Berlin Hbf
07:10,RE 62055,Finsterwalde(Niederlausitz) (ab 05:35),Berlin Hbf
07:12,RE 18541,Brandenburg Hbf (ab 06:19),Berlin Hbf
07:12,RE 3711,Berlin Ostbahnhof (ab 07:02),Berlin Hbf
07:12 (+2),RE 73758,Brandenburg Hbf (ab 06:19),Berlin Hbf
07:13,RE 4353,Rostock Hbf (ab 04:34),Berlin Hbf
07:18 (+10),RE 62007,Flughafen BER (ab 06:44),Berlin Hbf
07:19,ICE 791,Berlin Südkreuz (ab 07:14),Berlin Hbf
07:20,IC 60409,Zürich HB (ab 19:59),Berlin Hbf
07:20,NJ 409,Zürich HB (ab 19:59),Berlin Hbf
07:22 (+23),ICE 701,Hamburg-Altona (ab 04:32),Berlin Hbf
07:28 (+1),IC 2432,Cottbus Hbf (ab 05:34),Berlin Hbf
07:28 (+1),RE 3342,Jüterbog (ab 06:33),Berlin Hbf
07:28,RE 62432,Cottbus Hbf (ab 05:34),Berlin Hbf
07:29 (+2),ICE 1606,Erfurt Hbf (ab 05:27),Berlin Hbf
07:30 (+1),RE 3303,Stralsund Hbf (ab 04:16),Berlin Hbf
07:33 (+14),IC 2274,Dresden Hbf (ab 05:30),Berlin Hbf
07:33 (+14),RE 52274,Minden(Westf) (ab 06:02),Berlin Hbf
07:38 (+1),RE 62004,Elstal (ab 07:07),Berlin Hbf
07:39 (+19),ICE 698,München Hbf (ab 20:51),Berlin Hbf
07:42,ICE 944,Berlin Ostbahnhof (ab 07:32),Berlin Hbf
07:42,ICE 954,Berlin Ostbahnhof (ab 07:32),Berlin Hbf
07:44 (+1),RE 3506,Berlin Südkreuz (ab 07:36),Berlin Hbf
07:44 (+2),RE 3708,Beelitz-Heilstätten (ab 07:01),Berlin Hbf
07:48,RB 18604,Berlin Südkreuz (ab 07:42),Berlin Hbf
07:53 (+1),RE 3169,Jüterbog (ab 07:03),Berlin Hbf
07:54,ICE 1035,Berlin Ostbahnhof (ab 07:44),Berlin Hbf
07:55 (+1),RE 3335,Angermünde (ab 07:01),Berlin Hbf
07:57 (+8),RE 73718,Brandenburg Hbf (ab 07:05),Berlin Hbf
07:59,RE 73723,Frankfurt(Oder) (ab 06:55),Berlin Hbf
08:01 (+2),RE 3166,Stendal Hbf (ab 06:40),Berlin Hbf
08:02,IC 148,Berlin Ostbahnhof (ab 07:53),Berlin Hbf
08:03 (+2),FEX19812,Wünsdorf-Waldstadt (ab 06:47),Berlin Hbf
08:03,RB 18346,Wünsdorf-Waldstadt (ab 06:47),Berlin Hbf
08:03,RE 18758,Berlin-Wannsee (ab 07:46),Berlin Hbf
08:09,RB 18605,Wustermark (ab 07:38),Berlin Hbf
08:09 (+16),RE 62057,Elsterwerda (ab 06:12),Berlin Hbf
08:12 (+8),RE 3505,Stralsund Hbf (ab 05:01),Berlin Hbf
08:12,RE 3713,Berlin Ostbahnhof (ab 08:02),Berlin Hbf
08:12 (+1),RE 73760,Magdeburg Hbf (ab 06:19),Berlin Hbf
08:14 (+2),EN 40476,Budapest-Nyugati (ab 19:30),Berlin Hbf
08:14,NJ 456,Graz Hbf (ab 19:20),Berlin Hbf
08:18,RE 62009,Flughafen BER (ab 07:44),Berlin Hbf
08:20 (+1),ICE 505,Hamburg-Altona (ab 05:33),Berlin Hbf
08:23 (+2),IC 2173,Rostock Hbf (ab 06:21),Berlin Hbf
08:25,ICE 279,Berlin Ostbahnhof (ab 08:16),Berlin Hbf
08:26 (+4),NJ 425,Frankfurt(Main)Süd (ab 03:19),Berlin Hbf
08:28 (+2),RE 3343,Schwedt(Oder) (ab 07:06),Berlin Hbf
08:29 (+2),ICE 841,Oldenburg(Oldb)Hbf (ab 04:40),Berlin Hbf
08:30 Ausfall,IC 2231,Magdeburg Hbf (ab 07:04),Berlin Hbf
08:32 (+2),RE 3306,Lutherstadt Wittenberg Hbf (ab 07:00),Berlin Hbf
08:33,FEX19814,Ludwigsfelde (ab 07:40),Berlin Hbf
08:33 (+3),ICE 806,Eisenach Hbf (ab 05:53),Berlin Hbf
08:38,RE 62006,Elstal (ab 08:07),Berlin Hbf
08:39 (+1),RE 73765,Frankfurt(Oder) (ab 07:26),Berlin Hbf
08:42,ICE 642,Berlin Ostbahnhof (ab 08:44),Berlin Hbf
08:42,ICE 652,Berlin Ostbahnhof (ab 08:44),Berlin Hbf
08:43 (+1),RE 4354,Berlin Südkreuz (ab 08:36),Berlin Hbf
08:44 (+14),RE 3710,Beelitz-Heilstätten (ab 08:01),Berlin Hbf
08:44 (+2),RE 52820,Schwerin Hbf (ab 06:13),Berlin Hbf
08:49,RB 18606,Berlin Südkreuz (ab 08:42),Berlin Hbf
08:53 (+7),ICE 751,Hamburg-Altona (ab 05:03),Berlin Hbf
08:54,RE 3149,Falkenberg(Elster) (ab 07:14),Berlin Hbf
08:57 (+2),ICE 1636,Eisenach Hbf (ab 06:38),Berlin Hbf
08:59,RE 73720,Magdeburg Hbf (ab 07:12),Berlin Hbf
08:59 (+1),RE 73725,Eisenhüttenstadt (ab 07:36),Berlin Hbf
09:01 (+6),RJ 2078,Dresden Hbf (ab 07:00),Berlin Hbf
09:02 (+2),RE 3148,Rathenow (ab 08:06),Berlin Hbf
09:03 (+2),FEX19816,Wünsdorf-Waldstadt (ab 07:49),Berlin Hbf
09:03,RB 18348,Wünsdorf-Waldstadt (ab 07:49),Berlin Hbf
09:03,RE 18296,Flughafen BER (ab 08:28),Berlin Hbf
09:05,ICE 1050,Berlin Ostbahnhof (ab 08:56),Berlin Hbf
09:08,RE 52825,Berlin Südkreuz (ab 09:01),Berlin Hbf
09:09,RB 18607,Wustermark (ab 08:38),Berlin Hbf
09:11 (+1),RE 62059,Sassnitz (ab 06:01),Berlin Hbf
09:12 (+8),RE 3715,Berlin Ostbahnhof (ab 09:02),Berlin Hbf
09:12 (+1),RE 4355,Rostock Hbf (ab 06:37),Berlin Hbf
09:12,RE 73762,Brandenburg Hbf (ab 08:19),Berlin Hbf
09:18 (+4),ICE 541,Köln Hbf (ab 04:24),Berlin Hbf
09:18,RE 62011,Flughafen BER (ab 08:44),Berlin Hbf
09:20 (+1),ICE 597,Berlin Gesundbrunnen (ab 09:15),Berlin Hbf
09:21,ICE 793,Berlin Südkreuz (ab 09:16),Berlin Hbf
09:22 (+1),ICE 703,Hamburg-Altona (ab 06:34),Berlin Hbf
09:27 (+2),RE 3344,Jüterbog (ab 08:33),Berlin Hbf
09:28 (+2),RE 3305,Stralsund Hbf (ab 06:16),Berlin Hbf
09:29 (+24),ICE 1604,Nürnberg Hbf (ab 05:42),Berlin Hbf
09:29 (+24),ICE 1704,Jena-Göschwitz (ab 06:52),Berlin Hbf
09:32,ICE 876,Kassel-Wilhelmshöhe (ab 06:43),Berlin Hbf
09:33,FEX19818,Ludwigsfelde (ab 08:32),Berlin Hbf
09:33 (+18),IC 2272,Chemnitz Hbf (ab 06:26),Berlin Hbf
09:33 (+18),RE 52272,Elsterwerda (ab 08:24),Berlin Hbf
09:38,RE 62008,Elstal (ab 09:07),Berlin Hbf
09:39,RE 73767,Frankfurt(Oder) (ab 08:26),Berlin Hbf
09:42 (+24),ICE 942,Berlin Ostbahnhof (ab 09:32),Berlin Hbf
09:42 (+24),ICE 952,Berlin Ostbahnhof (ab 09:32),Berlin Hbf
09:43 (+1),RE 3508,Berlin Südkreuz (ab 09:35),Berlin Hbf
09:44,RE 3712,Beelitz-Heilstätten (ab 09:01),Berlin Hbf
09:48,RB 18608,Berlin Südkreuz (ab 09:41),Berlin Hbf
09:49 (+14),ICE 741,Münster(Westf)Hbf (ab 06:17),Berlin Hbf
09:52,RE 18759,Berlin Ostkreuz (ab 09:37),Berlin Hbf
09:52 (+7),RE 3171,Jüterbog (ab 09:03),Berlin Hbf
09:53,ICE 1008,München Hbf (ab 05:53),Berlin Hbf
09:56,RE 73722,Magdeburg Hbf (ab 08:12),Berlin Hbf
09:59,RE 73727,Eisenhüttenstadt (ab 08:36),Berlin Hbf
10:01 (+1),RE 3168,Stendal Hbf (ab 08:46),Berlin Hbf
10:02,IC 146,Berlin Ostbahnhof (ab 09:53),Berlin Hbf
10:03,FEX19820,Wünsdorf-Waldstadt (ab 08:47),Berlin Hbf
10:08,RB 18609,Wustermark (ab 09:38),Berlin Hbf
10:09,RE 62061,Elsterwerda (ab 08:12),Berlin Hbf
10:12,RE 3717,Berlin Ostbahnhof (ab 10:02),Berlin Hbf
10:12,RE 73764,Brandenburg Hbf (ab 09:19),Berlin Hbf
10:13 (+2),RE 3507,Stralsund Hbf (ab 07:01),Berlin Hbf
10:14 (+1),ICE 1155,Bonn Hbf (ab 05:49),Berlin Hbf
10:16 (+10),EC 248,Warszawa Wschodnia (ab 04:44),Berlin Hbf
10:18 (+10),ICE 843,Köln Hbf (ab 05:22),Berlin Hbf
10:18 (+10),ICE 853,Köln Hbf (ab 05:44),Berlin Hbf
10:18,RE 62013,Flughafen BER (ab 09:44),Berlin Hbf
10:22 (+1),ICE 507,Hamburg-Altona (ab 07:19),Berlin Hbf
10:22 (+1),ICE 804,München Hbf (ab 05:06),Berlin Hbf
10:23 (+1),IC 2175,Rostock Hbf (ab 08:21),Berlin Hbf
10:24,ICE 371,Berlin Ostbahnhof (ab 10:14),Berlin Hbf
10:28 (+1),RE 3345,Schwedt(Oder) (ab 09:06),Berlin Hbf
10:31 (+1),RE 3308,Lutherstadt Wittenberg Hbf (ab 09:00),Berlin Hbf
10:32 (+5),ICE 696,Frankfurt(Main)Hbf (ab 06:14),Berlin Hbf
10:32 (+32),ICE 996,Kassel-Wilhelmshöhe (ab 07:48),Berlin Hbf
10:33,FEX19822,Ludwigsfelde (ab 09:38),Berlin Hbf
10:38,RE 62010,Elstal (ab 10:07),Berlin Hbf
10:39 (+3),RE 73769,Frankfurt(Oder) (ab 09:26),Berlin Hbf
10:42 (+2),ICE 640,Berlin Ostbahnhof (ab 10:45),Berlin Hbf
10:42 (+2),ICE 650,Berlin Ostbahnhof (ab 10:45),Berlin Hbf
10:44 (+1),RE 3714,Beelitz-Heilstätten (ab 10:01),Berlin Hbf
10:44 (+2),RE 52822,Schwerin Hbf (ab 08:13),Berlin Hbf
10:45,RE 4356,Berlin Südkreuz (ab 10:36),Berlin Hbf
10:48,RB 18610,Berlin Südkreuz (ab 10:41),Berlin Hbf
10:50 (+4),ICE 1107,Berlin Gesundbrunnen (ab 10:46),Berlin Hbf
10:53 (+2),RE 3151,Falkenberg(Elster) (ab 09:14),Berlin Hbf
10:56 (+1),ICE 1114,München Hbf (ab 06:51),Berlin Hbf
10:56 (+3),ICE 839,Stralsund Hbf (ab 08:04),Berlin Hbf
10:56 (+2),RE 50839,Prenzlau (ab 09:42),Berlin Hbf
10:57,RE 73724,Magdeburg Hbf (ab 09:12),Berlin Hbf
10:59 (+13),ICE 934,Darmstadt Hbf (ab 06:37),Berlin Hbf
10:59 (+1),RE 73729,Frankfurt(Oder) (ab 09:55),Berlin Hbf
11:01 (+1),EC 178,Praha hl.n. (ab 06:28),Berlin Hbf
11:02 (+3),FEX19824,Wünsdorf-Waldstadt (ab 09:49),Berlin Hbf
11:02 (+2),ICE 758,Berlin Ostbahnhof (ab 10:53),Berlin Hbf
11:02,RB 18352,Wünsdorf-Waldstadt (ab 09:49),Berlin Hbf
11:02 (+4),RE 3150,Rathenow (ab 10:02),Berlin Hbf
11:03 (+27),ICE 543,Köln Hbf (ab 06:18),Berlin Hbf
11:03 (+27),ICE 553,Koblenz Hbf (ab 05:41),Berlin Hbf
11:08,RE 52827,Berlin Südkreuz (ab 11:01),Berlin Hbf
11:09 (+3),RB 18611,Wustermark (ab 10:38),Berlin Hbf
11:11 Ausfall,RE 62063,Baruth(Mark) (ab 10:07),Berlin Hbf
11:12,RE 3719,Berlin Ostbahnhof (ab 11:02),Berlin Hbf
11:12 (+5),RE 4357,Rostock Hbf (ab 08:37),Berlin Hbf
11:12,RE 73766,Brandenburg Hbf (ab 10:19),Berlin Hbf
11:16 (+20),EC 54,Krakow Glowny (ab 04:19),Berlin Hbf
11:18,RE 62015,Flughafen BER (ab 10:44),Berlin Hbf
11:21 (+26),ICE 795,Berlin Südkreuz (ab 11:13),Berlin Hbf
11:23 (+7),ICE 705,Kiel Hbf (ab 07:42),Berlin Hbf
11:25 (+9),RE 3346,Jüterbog (ab 10:33),Berlin Hbf
11:26 (+1),RE 3307,Stralsund Hbf (ab 08:16),Berlin Hbf
11:30 (+12),ICE 270,Karlsruhe Hbf (ab 05:57),Berlin Hbf
11:30 (+8),ICE 602,München Hbf (ab 06:57),Berlin Hbf
11:33,FEX19826,Ludwigsfelde (ab 10:32),Berlin Hbf
11:33 (+32),IC 2270,Chemnitz Hbf (ab 08:26),Berlin Hbf
11:33 (+4),RE 52270,Elsterwerda (ab 10:24),Berlin Hbf
11:38 (+2),ICE 1156,Berlin Südkreuz (ab 11:32),Berlin Hbf
11:38,RE 62012,Elstal (ab 11:07),Berlin Hbf
11:39 (+4),RE 73771,Frankfurt(Oder) (ab 10:26),Berlin Hbf
11:42 (+20),ICE 1006,München Hbf (ab 07:56),Berlin Hbf
11:42,ICE 940,Berlin Ostbahnhof (ab 11:32),Berlin Hbf
11:42,ICE 950,Berlin Ostbahnhof (ab 11:32),Berlin Hbf
11:44 (+6),RE 3716,Beelitz-Heilstätten (ab 11:01),Berlin Hbf
11:45 (+6),RE 3510,Berlin Südkreuz (ab 11:36),Berlin Hbf
11:48,RB 18612,Berlin Südkreuz (ab 11:41),Berlin Hbf
11:49 (+28),IC 141,Amsterdam Centraal (ab 06:00),Berlin Hbf
11:55 (+1),RE 3173,Jüterbog (ab 11:03),Berlin Hbf
11:57,RE 33810,Magdeburg Hbf (ab 10:12),Berlin Hbf
11:57 (+1),RE 73726,Magdeburg Hbf (ab 10:12),Berlin Hbf
11:59,RE 73731,Frankfurt(Oder) (ab 10:55),Berlin Hbf
12:01 Ausfall,RE 3170,Stendal Hbf (ab 10:32),Berlin Hbf
12:02 (+4),IC 144,Berlin Ostbahnhof (ab 11:53),Berlin Hbf
12:03,FEX19828,Flughafen BER (ab 11:28),Berlin Hbf
12:03 (+4),ICE 1136,Frankfurt(Main)Hbf (ab 08:02),Berlin Hbf
12:08 (+2),ICE 1073,Ostseebad Binz (ab 08:19),Berlin Hbf
12:08 (+2),RB 18613,Wustermark (ab 11:38),Berlin Hbf
12:08 (+2),RE 51073,Prenzlau (ab 10:54),Berlin Hbf
12:09 (+8),RE 62065,Elsterwerda (ab 10:12),Berlin Hbf
12:12 (+1),RE 3509,Stralsund Hbf (ab 09:01),Berlin Hbf
12:12 (+13),RE 3721,Berlin Ostbahnhof (ab 12:02),Berlin Hbf
12:12,RE 73768,Brandenburg Hbf (ab 11:19),Berlin Hbf
12:16 (+5),EC 246,Warszawa Wschodnia (ab 06:44),Berlin Hbf
12:18 (+25),ICE 845,Köln Hbf (ab 07:26),Berlin Hbf
12:18 (+25),ICE 855,Köln Hbf (ab 07:45),Berlin Hbf
12:18 (+1),RE 62017,Flughafen BER (ab 11:44),Berlin Hbf
12:20,ICE 509,Hamburg-Altona (ab 09:22),Berlin Hbf
12:22 (+3),ICE 802,München Hbf (ab 07:13),Berlin Hbf
12:23 (+2),IC 2177,Rostock Hbf (ab 10:21),Berlin Hbf
12:26 (+3),ICE 373,Berlin Ostbahnhof (ab 12:17),Berlin Hbf
12:28 (+1),RE 3347,Schwedt(Oder) (ab 11:06),Berlin Hbf
12:30 (+1),IC 2474,Magdeburg Hbf (ab 11:04),Berlin Hbf
12:31 (+3),RE 3310,Lutherstadt Wittenberg Hbf (ab 11:03),Berlin Hbf
12:33,FEX19830,Ludwigsfelde (ab 11:39),Berlin Hbf
12:34 (+15),ICE 694,Stuttgart Hbf (ab 06:50),Berlin Hbf
12:34 (+10),ICE 994,Frankfurt(M) Flughafen Fernbf (ab 08:09),Berlin Hbf
12:38,RE 62014,Elstal (ab 12:07),Berlin Hbf
12:39 (+4),RE 73773,Frankfurt(Oder) (ab 11:26),Berlin Hbf
12:42,ICE 548,Berlin Ostbahnhof (ab 12:44),Berlin Hbf
12:42,ICE 558,Berlin Ostbahnhof (ab 12:44),Berlin Hbf
12:43 (+1),RE 4358,Berlin Südkreuz (ab 12:36),Berlin Hbf
12:44 (+32),RE 3718,Beelitz-Heilstätten (ab 12:01),Berlin Hbf
12:44 (+1),RE 52824,Schwerin Hbf (ab 10:13),Berlin Hbf
12:48,RB 18614,Berlin Südkreuz (ab 12:41),Berlin Hbf
12:49 (+1),ICE 1545,Dortmund Hbf (ab 09:11),Berlin Hbf
12:53,RE 3153,Falkenberg(Elster) (ab 11:14),Berlin Hbf
12:56 (+1),ICE 1109,Berlin Gesundbrunnen (ab 12:52),Berlin Hbf
12:56 (+1),ICE 1112,München Hbf (ab 08:51),Berlin Hbf
12:57 (+25),ICE 932,Saarbrücken Hbf (ab 06:28),Berlin Hbf
12:57,RE 33812,Magdeburg Hbf (ab 11:12),Berlin Hbf
12:57,RE 73728,Magdeburg Hbf (ab 11:12),Berlin Hbf
12:59,RE 73733,Frankfurt(Oder) (ab 11:55),Berlin Hbf
13:01,EC 176,Praha hl.n. (ab 08:28),Berlin Hbf
13:02 (+2),ICE 756,Berlin Ostbahnhof (ab 12:53),Berlin Hbf
13:02 (+8),RE 3152,Rathenow (ab 12:02),Berlin Hbf
13:03,FEX19832,Wünsdorf-Waldstadt (ab 11:49),Berlin Hbf
13:03,RB 18356,Wünsdorf-Waldstadt (ab 11:49),Berlin Hbf
13:08 (+4),RE 52829,Berlin Südkreuz (ab 13:01),Berlin Hbf
13:09,RB 18615,Wustermark (ab 12:38),Berlin Hbf
13:09 (+4),RB 18639,Wustermark (ab 12:38),Berlin Hbf
13:11,RE 4359,Rostock Hbf (ab 10:37),Berlin Hbf
13:11,RE 62067,Baruth(Mark) (ab 12:07),Berlin Hbf
13:12 Ausfall,RE 3723,Berlin Ostbahnhof (ab 13:02),Berlin Hbf
13:12 (+2),RE 73770,Brandenburg Hbf (ab 12:19),Berlin Hbf
13:16 (+2),EC 230,Gdynia Glowna (ab 07:06),Berlin Hbf
13:18 (+25),ICE 545,Köln Hbf (ab 08:25),Berlin Hbf
13:18 (+25),ICE 555,Köln Hbf (ab 08:45),Berlin Hbf
13:18,RE 52837,Flughafen BER (ab 12:44),Berlin Hbf
13:18,RE 62019,Flughafen BER (ab 12:44),Berlin Hbf
13:19 (+1),ICE 797,Berlin Südkreuz (ab 13:13),Berlin Hbf
13:22 (+1),ICE 691,Rostock Hbf (ab 11:21),Berlin Hbf
13:22 (+4),ICE 707,Hamburg-Altona (ab 10:20),Berlin Hbf
13:26 (+2),RE 3348,Luckenwalde (ab 12:39),Berlin Hbf
13:28 (+2),RE 3309,Stralsund Hbf (ab 10:16),Berlin Hbf
13:29 (+5),ICE 1600,München Hbf (ab 08:54),Berlin Hbf
13:29 (+6),ICE 2910,München Hbf (ab 08:54),Berlin Hbf
13:31,ICE 374,Basel SBB (ab 06:06),Berlin Hbf
13:32 (+6),FLX 1233,Köln Hbf (ab 08:14),Berlin Hbf
13:33 (+7),IC 2178,Dresden Hbf (ab 11:30),Berlin Hbf
13:33 (+6),RE 52178,Elsterwerda (ab 12:24),Berlin Hbf
13:35,FEX19834,Ludwigsfelde (ab 12:32),Berlin Hbf
13:38,RE 62016,Elstal (ab 13:07),Berlin Hbf
13:39,RE 73775,Frankfurt(Oder) (ab 12:26),Berlin Hbf
13:42 (+3),ICE 848,Berlin Ostbahnhof (ab 13:32),Berlin Hbf
13:42 (+3),ICE 858,Berlin Ostbahnhof (ab 13:32),Berlin Hbf
13:44,RE 26100,Beelitz-Heilstätten (ab 13:01),Berlin Hbf
13:44 (+2),RE 3512,Berlin Südkreuz (ab 13:36),Berlin Hbf
13:44 (+9),RE 3720,Beelitz-Heilstätten (ab 13:01),Berlin Hbf
13:45 (+5),RB 18616,Berlin Südkreuz (ab 13:39),Berlin Hbf
13:49 (+54),IC 143,Amsterdam Centraal (ab 08:00),Berlin Hbf
13:52 (+4),RE 3175,Jüterbog (ab 13:03),Berlin Hbf
13:53 (+10),ICE 1694,München Hbf (ab 08:38),Berlin Hbf
13:53 (+11),ICE 94,Wien Hbf (ab 06:13),Berlin Hbf
13:57 (+1),RE 73730,Magdeburg Hbf (ab 12:12),Berlin Hbf
13:58,ICE 1695,Berlin Gesundbrunnen (ab 13:52),Berlin Hbf
13:58,ICE 95,Berlin Gesundbrunnen (ab 13:52),Berlin Hbf
13:59,RE 33694,Frankfurt(Oder) (ab 12:55),Berlin Hbf
13:59,RE 73735,Frankfurt(Oder) (ab 12:55),Berlin Hbf
14:01 (+1),RE 3172,Stendal Hbf (ab 12:32),Berlin Hbf
14:02 (+6),IC 142,Berlin Ostbahnhof (ab 13:53),Berlin Hbf
14:03 (+3),FEX19836,Wünsdorf-Waldstadt (ab 12:47),Berlin Hbf
14:03,RB 18358,Wünsdorf-Waldstadt (ab 12:47),Berlin Hbf
14:08 (+2),RB 18617,Wustermark (ab 13:38),Berlin Hbf
14:09 (+55),RE 3511,Stralsund Hbf (ab 11:01),Berlin Hbf
14:09 (+1),RE 62069,Elsterwerda (ab 12:12),Berlin Hbf
14:12 (+5),RE 3725,Berlin Ostbahnhof (ab 14:02),Berlin Hbf
14:12 (+1),RE 73772,Brandenburg Hbf (ab 13:19),Berlin Hbf
14:13 (+2),ICE 1071,Ostseebad Binz (ab 10:21),Berlin Hbf
14:13 (+2),RE 51071,Prenzlau (ab 12:54),Berlin Hbf
14:16 (+2),EC 48,Warszawa Wschodnia (ab 08:44),Berlin Hbf
14:17 (+14),ICE 847,Köln Hbf (ab 09:19),Berlin Hbf
14:17 (+14),ICE 857,Köln Hbf (ab 09:45),Berlin Hbf
14:18,RE 62021,Flughafen BER (ab 13:44),Berlin Hbf
14:20,ICE 1601,Hamburg-Altona (ab 11:34),Berlin Hbf
14:22 (+4),ICE 800,München Hbf (ab 09:54),Berlin Hbf
14:23 (+32),IC 2179,Rostock Hbf (ab 12:21),Berlin Hbf
14:28,ICE 375,Berlin Ostbahnhof (ab 14:19),Berlin Hbf
14:28 (+34),RE 3349,Schwedt(Oder) (ab 13:06),Berlin Hbf
14:31 (+4),RE 3312,Lutherstadt Wittenberg Hbf (ab 13:00),Berlin Hbf
14:32 (+29),ICE 692,München Hbf (ab 05:49),Berlin Hbf
14:32 (+10),ICE 992,Frankfurt(M) Flughafen Fernbf (ab 10:09),Berlin Hbf
14:33,FEX19838,Ludwigsfelde (ab 13:39),Berlin Hbf
14:38,RE 62018,Elstal (ab 14:07),Berlin Hbf
14:39 (+1),RE 73777,Frankfurt(Oder) (ab 13:26),Berlin Hbf
14:42,ICE 546,Berlin Ostbahnhof (ab 14:32),Berlin Hbf
14:42,ICE 556,Berlin Ostbahnhof (ab 14:44),Berlin Hbf
14:43 (+42),RE 4360,Berlin Südkreuz (ab 14:36),Berlin Hbf
14:44,RE 26102,Beelitz-Heilstätten (ab 14:01),Berlin Hbf
14:44 Ausfall,RE 3722,Beelitz-Heilstätten (ab 14:01),Berlin Hbf
14:44 (+6),RE 52826,Schwerin Hbf (ab 12:13),Berlin Hbf
14:48,RB 18618,Berlin Südkreuz (ab 14:41),Berlin Hbf
14:49 (+15),ICE 757,Aachen Hbf (ab 09:06),Berlin Hbf
14:53 (+1),RE 3155,Falkenberg(Elster) (ab 13:14),Berlin Hbf
14:56 (+20),ICE 1110,München Hbf (ab 10:51),Berlin Hbf
14:57,RE 33816,Magdeburg Hbf (ab 13:12),Berlin Hbf
14:57,RE 73732,Magdeburg Hbf (ab 13:12),Berlin Hbf
14:59 (+37),ICE 930,Frankfurt(Main)Hbf (ab 11:02),Berlin Hbf
14:59,RE 73737,Frankfurt(Oder) (ab 13:55),Berlin Hbf
15:02 (+1),EC 174,Praha hl.n. (ab 10:28),Berlin Hbf
15:02 (+1),ICE 1544,Berlin Ostbahnhof (ab 14:54),Berlin Hbf
15:02 (+7),RE 3154,Rathenow (ab 14:02),Berlin Hbf
15:03 (+3),FEX19840,Wünsdorf-Waldstadt (ab 13:49),Berlin Hbf
15:03,RB 18360,Wünsdorf-Waldstadt (ab 13:49),Berlin Hbf
15:08 (+21),RE 52831,Berlin Südkreuz (ab 15:01),Berlin Hbf
15:09 (+3),RB 18619,Wustermark (ab 14:39),Berlin Hbf
15:11,RE 62071,Baruth(Mark) (ab 14:07),Berlin Hbf
15:12 (+4),RE 3727,Berlin Ostbahnhof (ab 15:02),Berlin Hbf
15:12 (+15),RE 4361,Rostock Hbf (ab 12:37),Berlin Hbf
15:12,RE 73774,Brandenburg Hbf (ab 14:19),Berlin Hbf
15:16 (+9),EC 56,Przemysl Glowny (ab 05:06),Berlin Hbf
15:18 (+5),ICE 547,Düsseldorf Hbf (ab 10:50),Berlin Hbf
15:18 (+5),ICE 557,Köln Hbf (ab 10:45),Berlin Hbf
15:18 (+2),RE 62023,Flughafen BER (ab 14:44),Berlin Hbf
15:21 (+2),ICE 799,Berlin Südkreuz (ab 15:13),Berlin Hbf
15:22 (+8),ICE 709,Hamburg-Altona (ab 12:19),Berlin Hbf
15:26 (+6),RE 3350,Jüterbog (ab 14:33),Berlin Hbf
15:29 (+3),RE 3311,Stralsund Hbf (ab 12:19),Berlin Hbf
15:30 (+2),ICE 508,München Hbf (ab 10:56),Berlin Hbf
15:31 (+23),ICE 372,Interlaken Ost (ab 05:59),Berlin Hbf
15:33,FEX19842,Ludwigsfelde (ab 14:32),Berlin Hbf
15:33 (+16),IC 2176,Dresden Hbf (ab 13:30),Berlin Hbf
15:33 (+14),RE 52176,Elsterwerda (ab 14:24),Berlin Hbf
15:38,RE 62020,Elstal (ab 15:07),Berlin Hbf
15:39 (+1),RE 73779,Frankfurt(Oder) (ab 14:26),Berlin Hbf
15:42 (+1),ICE 1004,München Hbf (ab 11:56),Berlin Hbf
15:42 (+1),ICE 846,Berlin Ostbahnhof (ab 15:32),Berlin Hbf
15:42 (+1),ICE 856,Berlin Ostbahnhof (ab 15:32),Berlin Hbf
15:44 (+4),RE 3514,Berlin Südkreuz (ab 15:36),Berlin Hbf
15:44 (+1),RE 3724,Beelitz-Heilstätten (ab 15:01),Berlin Hbf
15:48,RB 18620,Berlin Südkreuz (ab 15:41),Berlin Hbf
15:49 (+15),IC 145,Amsterdam Centraal (ab 10:00),Berlin Hbf
15:55 (+3),RE 3177,Jüterbog (ab 15:03),Berlin Hbf
15:55 (+1),RE 3330,Berlin Südkreuz (ab 15:47),Berlin Hbf
15:57 (+1),ICE 1007,Berlin Gesundbrunnen (ab 15:51),Berlin Hbf
15:57,RE 33818,Magdeburg Hbf (ab 14:12),Berlin Hbf
15:57 (+1),RE 73734,Magdeburg Hbf (ab 14:12),Berlin Hbf
15:59 (+3),RE 73739,Eisenhüttenstadt (ab 14:36),Berlin Hbf
16:01 (+1),RE 3174,Stendal Hbf (ab 14:32),Berlin Hbf
16:02 (+14),IC 140,Berlin Ostbahnhof (ab 15:53),Berlin Hbf
16:05 (+3),ICE 1075,Ostseebad Binz (ab 12:19),Berlin Hbf
16:05,RE 51040,Prenzlau (ab 14:54),Berlin Hbf
16:05 (+3),RE 51075,Prenzlau (ab 14:54),Berlin Hbf
16:07 (+7),RB 18621,Wustermark (ab 15:38),Berlin Hbf
16:09,FEX19844,Flughafen BER (ab 15:28),Berlin Hbf
16:11 (+1),RE 62073,Elsterwerda (ab 14:12),Berlin Hbf
16:12,RE 3729,Troisvierges (ab 04:35),Berlin Hbf
16:12 (+1),RE 73776,Brandenburg Hbf (ab 15:19),Berlin Hbf
16:13,RE 3132,Stralsund Hbf (ab 13:01),Berlin Hbf
16:13 (+6),RE 3513,Stralsund Hbf (ab 13:01),Berlin Hbf
16:15 (+21),ICE 1157,Bonn Hbf (ab 11:49),Berlin Hbf
16:16 (+37),EC 46,Warszawa Wschodnia (ab 10:44),Berlin Hbf
16:18 (+1),ICE 849,Düsseldorf Hbf (ab 11:45),Berlin Hbf
16:18 (+1),ICE 859,Köln Hbf (ab 11:45),Berlin Hbf
16:18 (+2),RE 62025,Flughafen BER (ab 15:44),Berlin Hbf
16:22 (+1),ICE 603,Hamburg-Altona (ab 13:34),Berlin Hbf
16:22 (+2),ICE 708,München Hbf (ab 11:13),Berlin Hbf
16:23 (+3),IC 2271,Rostock Hbf (ab 14:21),Berlin Hbf
16:26,ICE 377,Berlin Ostbahnhof (ab 16:17),Berlin Hbf
16:28 (+3),RE 3351,Schwedt(Oder) (ab 15:06),Berlin Hbf
16:31 (+1),RE 3314,Lutherstadt Wittenberg Hbf (ab 15:03),Berlin Hbf
16:32 (+48),ICE 690,München Hbf (ab 07:46),Berlin Hbf
16:32 (+22),ICE 798,Frankfurt(M) Flughafen Fernbf (ab 12:09),Berlin Hbf
16:33,FEX19846,Ludwigsfelde (ab 15:39),Berlin Hbf
16:38,RE 62022,Elstal (ab 16:07),Berlin Hbf
16:39 (+37),RE 73781,Frankfurt(Oder) (ab 15:26),Berlin Hbf
16:42,ICE 544,Berlin Ostbahnhof (ab 16:45),Berlin Hbf
16:42,ICE 554,Berlin Ostbahnhof (ab 16:45),Berlin Hbf
16:43,RE 4362,Berlin Südkreuz (ab 16:36),Berlin Hbf
16:44 (+1),RE 3726,Beelitz-Heilstätten (ab 16:01),Berlin Hbf
16:45 (+1),RE 52828,Schwerin Hbf (ab 14:13),Berlin Hbf
16:48,RB 18622,Berlin Südkreuz (ab 16:41),Berlin Hbf
16:53,RE 3157,Falkenberg(Elster) (ab 15:14),Berlin Hbf
16:56 (+1),ICE 1108,München Hbf (ab 12:51),Berlin Hbf
16:57 (+7),ICE 838,Frankfurt(Main)Hbf (ab 13:02),Berlin Hbf
16:57 (+1),RE 73736,Magdeburg Hbf (ab 15:12),Berlin Hbf
16:58,ICE 1113,Berlin Gesundbrunnen (ab 16:46),Berlin Hbf
16:59 (+6),RE 73741,Frankfurt(Oder) (ab 15:55),Berlin Hbf
17:01 (+1),EC 378,Praha hl.n. (ab 12:33),Berlin Hbf
17:02 (+6),RE 3156,Rathenow (ab 16:02),Berlin Hbf
17:03,FEX19848,Flughafen BER (ab 16:28),Berlin Hbf
17:09 (+1),RB 18623,Wustermark (ab 16:38),Berlin Hbf
17:09,RE 52833,Berlin Südkreuz (ab 17:03),Berlin Hbf
17:11 (+1),RE 62075,Finsterwalde(Niederlausitz) (ab 15:24),Berlin Hbf
17:12,RE 3731,Berlin Ostbahnhof (ab 17:02),Berlin Hbf
17:12 (+11),RE 4363,Rostock Hbf (ab 14:37),Berlin Hbf
17:12 (+2),RE 73778,Brandenburg Hbf (ab 16:19),Berlin Hbf
17:18 (+8),ICE 549,Düsseldorf Hbf (ab 12:48),Berlin Hbf
17:18 (+8),ICE 559,Köln Hbf (ab 12:45),Berlin Hbf
17:18 (+1),ICE 995,Berlin Südkreuz (ab 17:13),Berlin Hbf
17:18,RE 62027,Flughafen BER (ab 16:44),Berlin Hbf
17:22 (+1),ICE 801,Hamburg-Altona (ab 14:21),Berlin Hbf
17:24 (+16),IC 2475,Rostock Hbf (ab 15:21),Berlin Hbf
17:27 (+7),RE 3352,Jüterbog (ab 16:33),Berlin Hbf
17:28 (+3),RE 3313,Stralsund Hbf (ab 14:16),Berlin Hbf
17:31 (+57),ICE 370,Basel SBB (ab 10:13),Berlin Hbf
17:32 (+41),ICE 506,München Hbf (ab 12:54),Berlin Hbf
17:33,FEX19850,Ludwigsfelde (ab 16:32),Berlin Hbf
17:33 (+3),IC 2174,Dresden Hbf (ab 15:30),Berlin Hbf
17:33 (+2),RE 52174,Elsterwerda (ab 16:24),Berlin Hbf
17:37,ICE 1154,Berlin Südkreuz (ab 17:29),Berlin Hbf
17:38 (+1),RE 62024,Elstal (ab 17:07),Berlin Hbf
17:39,RE 3184,Frankfurt(Oder) (ab 16:26),Berlin Hbf
17:39 (+5),RE 73783,Frankfurt(Oder) (ab 16:26),Berlin Hbf
17:40 (+7),RE 51070,Berlin Südkreuz (ab 17:35),Berlin Hbf
17:42,ICE 844,Berlin Ostbahnhof (ab 17:32),Berlin Hbf
17:42,ICE 854,Berlin Ostbahnhof (ab 17:32),Berlin Hbf
17:43 (+5),RE 3516,Berlin Südkreuz (ab 17:35),Berlin Hbf
17:44 (+1),RE 3728,Beelitz-Heilstätten (ab 17:01),Berlin Hbf
17:48 (+4),RB 18624,Berlin Südkreuz (ab 17:41),Berlin Hbf
17:49 (+14),IC 147,Amsterdam Centraal (ab 12:00),Berlin Hbf
17:52 (+32),ICE 92,Wien Hbf (ab 10:13),Berlin Hbf
17:52,RE 26117,Jüterbog (ab 17:03),Berlin Hbf
17:52 (+1),RE 3179,Jüterbog (ab 17:03),Berlin Hbf
17:57,RE 33822,Magdeburg Hbf (ab 16:12),Berlin Hbf
17:57 (+1),RE 73738,Magdeburg Hbf (ab 16:12),Berlin Hbf
17:59 (+1),RE 73743,Frankfurt(Oder) (ab 16:55),Berlin Hbf
18:01 (+20),FLX 1366,Leipzig Hbf (ab 16:41),Berlin Hbf
18:01 (+5),RE 3176,Stendal Hbf (ab 16:32),Berlin Hbf
18:02,ICE 742,Berlin Ostbahnhof (ab 17:53),Berlin Hbf
18:03,FEX19852,Flughafen BER (ab 17:28),Berlin Hbf
18:03 Ausfall,ICE 9591,Paris Est (ab 09:55),Berlin Hbf
18:07 (+4),RB 18625,Wustermark (ab 17:38),Berlin Hbf
18:11 (+14),RE 3515,Stralsund Hbf (ab 15:01),Berlin Hbf
18:12,RE 3733,Berlin Ostbahnhof (ab 18:02),Berlin Hbf
18:12 (+6),RE 62077,Elsterwerda (ab 16:12),Berlin Hbf
18:12 (+1),RE 73780,Brandenburg Hbf (ab 17:19),Berlin Hbf
18:16 (+20),EC 44,Warszawa Wschodnia (ab 12:44),Berlin Hbf
18:18 (+44),ICE 941,Düsseldorf Hbf (ab 13:43),Berlin Hbf
18:18 (+44),ICE 951,Köln Hbf (ab 13:45),Berlin Hbf
18:18,RE 62029,Flughafen BER (ab 17:44),Berlin Hbf
18:21 (+11),ICE 1605,Hamburg-Altona (ab 15:38),Berlin Hbf
18:21 (+11),ICE 1705,Hamburg-Altona (ab 15:38),Berlin Hbf
18:22 (+16),ICE 706,München Hbf (ab 13:53),Berlin Hbf
18:23 Ausfall,IC 2273,Rostock Hbf (ab 16:21),Berlin Hbf
18:26,ICE 877,Berlin Ostbahnhof (ab 18:17),Berlin Hbf
18:29 (+1),RE 3353,Schwedt(Oder) (ab 17:06),Berlin Hbf
18:30 (+18),IC 2431,Emden Außenhafen (ab 12:01),Berlin Hbf
18:30 (+18),RE 62431,Potsdam Hbf (ab 18:02),Berlin Hbf
18:31 (+8),RE 3316,Lutherstadt Wittenberg Hbf (ab 17:00),Berlin Hbf
18:32 (+25),ICE 1218,München Hbf (ab 09:47),Berlin Hbf
18:32 (+43),ICE 796,Frankfurt(M) Flughafen Fernbf (ab 14:09),Berlin Hbf
18:34,FEX19854,Ludwigsfelde (ab 17:39),Berlin Hbf
18:38 (+2),RE 62026,Elstal (ab 18:07),Berlin Hbf
18:39,RE 3186,Frankfurt(Oder) (ab 17:26),Berlin Hbf
18:39 (+4),RE 73785,Frankfurt(Oder) (ab 17:26),Berlin Hbf
18:43 (+7),RE 4364,Berlin Südkreuz (ab 18:36),Berlin Hbf
18:43,RE 52830,Schwerin Hbf (ab 16:13),Berlin Hbf
18:44 (+1),RE 3730,Beelitz-Heilstätten (ab 18:01),Berlin Hbf
18:48,RB 18626,Berlin Südkreuz (ab 18:41),Berlin Hbf
18:49 (+19),ICE 1051,Aachen Hbf (ab 12:47),Berlin Hbf
18:53 (+2),RE 3159,Falkenberg(Elster) (ab 17:14),Berlin Hbf
18:54,ICE 542,Berlin Ostbahnhof (ab 18:44),Berlin Hbf
18:54,ICE 552,Berlin Ostbahnhof (ab 18:44),Berlin Hbf
18:56 (+3),ICE 1106,München Hbf (ab 14:51),Berlin Hbf
18:57 (+3),ICE 1115,Berlin Gesundbrunnen (ab 18:52),Berlin Hbf
18:57 (+6),ICE 836,Frankfurt(Main)Hbf (ab 15:02),Berlin Hbf
18:57,RE 33824,Magdeburg Hbf (ab 17:12),Berlin Hbf
18:57 (+2),RE 73740,Magdeburg Hbf (ab 17:12),Berlin Hbf
18:59,RE 63998,Cottbus Hbf (ab 16:56),Berlin Hbf
18:59 (+1),RE 73745,Cottbus Hbf (ab 16:56),Berlin Hbf
19:01 (+7),EC 172,Budapest-Nyugati (ab 07:30),Berlin Hbf
19:02 (+6),RE 3158,Rathenow (ab 18:02),Berlin Hbf
19:03,FEX19856,Wünsdorf-Waldstadt (ab 17:49),Berlin Hbf
19:03 (+22),ICE 651,Köln Hbf (ab 14:45),Berlin Hbf
19:03,NJ 424,Berlin Ostbahnhof (ab 18:55),Berlin Hbf
19:09 (+8),RB 18627,Wustermark (ab 18:38),Berlin Hbf
19:09 (+2),RE 52835,Berlin Südkreuz (ab 19:01),Berlin Hbf
19:11,RE 62079,Finsterwalde(Niederlausitz) (ab 17:24),Berlin Hbf
19:12,RE 3735,Berlin Ostbahnhof (ab 19:02),Berlin Hbf
19:12 (+10),RE 4365,Rostock Hbf (ab 16:37),Berlin Hbf
19:12,RE 73782,Brandenburg Hbf (ab 18:19),Berlin Hbf
19:16 (+1),EC 58,Przemysl Glowny (ab 09:20),Berlin Hbf
19:18 (+2),ICE 641,Düsseldorf Hbf (ab 14:51),Berlin Hbf
19:18,RE 62031,Flughafen BER (ab 18:44),Berlin Hbf
19:19,ICE 997,Berlin Südkreuz (ab 19:13),Berlin Hbf
19:20,ICE 697,Berlin Gesundbrunnen (ab 19:08),Berlin Hbf
19:22 (+4),ICE 803,Hamburg-Altona (ab 16:16),Berlin Hbf
19:27 (+5),RE 3354,Jüterbog (ab 18:33),Berlin Hbf
19:28 (+2),RE 3315,Stralsund Hbf (ab 16:16),Berlin Hbf
19:30 (+5),ICE 278,Interlaken Ost (ab 09:59),Berlin Hbf
19:30 (+5),ICE 504,München Hbf (ab 14:56),Berlin Hbf
19:33,FEX19858,Ludwigsfelde (ab 18:32),Berlin Hbf
19:33 (+7),IC 2172,Dresden Hbf (ab 17:30),Berlin Hbf
19:33 (+6),RE 52172,Elsterwerda (ab 18:24),Berlin Hbf
19:38,RE 62028,Elstal (ab 19:07),Berlin Hbf
19:39,RE 3188,Frankfurt(Oder) (ab 18:26),Berlin Hbf
19:39,RE 73787,Frankfurt(Oder) (ab 18:26),Berlin Hbf
19:42,ICE 842,Berlin Ostbahnhof (ab 19:34),Berlin Hbf
19:43 (+12),ICE 1002,München Hbf (ab 15:56),Berlin Hbf
19:44 (+1),RE 3732,Beelitz-Heilstätten (ab 19:01),Berlin Hbf
19:45 (+1),RE 3518,Berlin Südkreuz (ab 19:36),Berlin Hbf
19:48,RB 18628,Berlin Südkreuz (ab 19:41),Berlin Hbf
19:49 (+29),IC 149,Amsterdam Centraal (ab 14:00),Berlin Hbf
19:55 (+21),RE 3181,Jüterbog (ab 19:03),Berlin Hbf
19:57 (+1),ICE 1019,Berlin Gesundbrunnen (ab 19:51),Berlin Hbf
19:57 (+1),RE 73742,Magdeburg Hbf (ab 18:12),Berlin Hbf
19:59 (+1),RE 73747,Eisenhüttenstadt (ab 18:36),Berlin Hbf
20:01 (+6),RE 3178,Stendal Hbf (ab 18:32),Berlin Hbf
20:03 (+2),FEX19860,Wünsdorf-Waldstadt (ab 18:47),Berlin Hbf
20:03 (+47),ICE 1034,Saarbrücken Hbf (ab 13:24),Berlin Hbf
20:03 (+2),RB 18370,Wünsdorf-Waldstadt (ab 18:47),Berlin Hbf
20:08 (+6),RB 18629,Wustermark (ab 19:38),Berlin Hbf
20:09 (+2),RE 3517,Stralsund Hbf (ab 17:01),Berlin Hbf
20:09 (+3),RE 62081,Elsterwerda (ab 18:12),Berlin Hbf
20:12 (+1),RE 3737,Berlin Ostbahnhof (ab 20:02),Berlin Hbf
20:12 (+1),RE 73784,Brandenburg Hbf (ab 19:19),Berlin Hbf
20:18 (+12),ICE 943,Düsseldorf Hbf (ab 15:50),Berlin Hbf
20:18 (+12),ICE 953,Köln Hbf (ab 15:45),Berlin Hbf
20:18 (+2),RE 62033,Flughafen BER (ab 19:44),Berlin Hbf
20:19 (+67),ICE 1607,Hamburg-Altona (ab 17:35),Berlin Hbf
20:22 (+1),ICE 704,München Hbf (ab 15:13),Berlin Hbf
20:23 (+9),IC 2275,Rostock Hbf (ab 18:21),Berlin Hbf
20:25 (+3),ICE 879,Berlin Ostbahnhof (ab 20:16),Berlin Hbf
20:28 (+1),RE 3355,Schwedt(Oder) (ab 19:06),Berlin Hbf
20:31 (+1),RE 3318,Lutherstadt Wittenberg Hbf (ab 19:05),Berlin Hbf
20:32 (+36),ICE 596,München Hbf (ab 11:52),Berlin Hbf
20:32 (+2),RE 73826,Berlin-Charlottenburg (ab 20:24),Berlin Hbf
20:33,FEX19862,Ludwigsfelde (ab 19:39),Berlin Hbf
20:33 (+146),ICE 794,Frankfurt(M) Flughafen Fernbf (ab 16:09),Berlin Hbf
20:38 (+1),RE 62030,Elstal (ab 20:07),Berlin Hbf
20:39 (+8),RE 73789,Frankfurt(Oder) (ab 19:26),Berlin Hbf
20:42,ICE 540,Berlin Ostbahnhof (ab 20:32),Berlin Hbf
20:43 (+1),RE 4366,Berlin Südkreuz (ab 20:36),Berlin Hbf
20:44,RE 3734,Beelitz-Heilstätten (ab 20:01),Berlin Hbf
20:44 (+1),RE 52832,Schwerin Hbf (ab 18:13),Berlin Hbf
20:48,RB 18630,Berlin Südkreuz (ab 20:41),Berlin Hbf
20:49 (+6),ICE 1053,Aachen Hbf (ab 14:47),Berlin Hbf
20:53,RE 3161,Falkenberg(Elster) (ab 19:14),Berlin Hbf
20:56 (+16),ICE 1104,München Hbf (ab 16:49),Berlin Hbf
20:57 (+17),ICE 834,Frankfurt(Main)Hbf (ab 17:02),Berlin Hbf
20:57 (+22),RE 73744,Magdeburg Hbf (ab 19:12),Berlin Hbf
20:58 (+1),RE 73749,Frankfurt(Oder) (ab 19:55),Berlin Hbf
21:01,EC 170,Praha hl.n. (ab 16:28),Berlin Hbf
21:02 (+2),RE 3160,Rathenow (ab 20:02),Berlin Hbf
21:03 (+2),FEX19864,Wünsdorf-Waldstadt (ab 19:49),Berlin Hbf
21:03 (+1),RB 18372,Wünsdorf-Waldstadt (ab 19:49),Berlin Hbf
21:09 (+1),RB 18631,Wustermark (ab 20:38),Berlin Hbf
21:10 (+2),RE 4367,Rostock Hbf (ab 18:37),Berlin Hbf
21:11 (+2),RE 62083,Finsterwalde(Niederlausitz) (ab 19:24),Berlin Hbf
21:12,RE 3739,Berlin Ostbahnhof (ab 21:02),Berlin Hbf
21:12 (+1),RE 73786,Brandenburg Hbf (ab 20:19),Berlin Hbf
21:18 (+20),ICE 643,Düsseldorf Hbf (ab 16:52),Berlin Hbf
21:18 (+20),ICE 653,Köln Hbf (ab 16:44),Berlin Hbf
21:18,RE 62035,Flughafen BER (ab 20:44),Berlin Hbf
21:21 (+21),ICE 699,Hamburg-Altona (ab 18:36),Berlin Hbf
21:21,ICE 840,Berlin Ostbahnhof (ab 21:13),Berlin Hbf
21:26 (+1),RE 3356,Ludwigsfelde (ab 20:56),Berlin Hbf
21:27 (+2),RE 3317,Stralsund Hbf (ab 18:16),Berlin Hbf
21:28 (+92),FLX 1239,Köln Hbf (ab 16:14),Berlin Hbf
21:30 (+8),ICE 502,München Hbf (ab 16:54),Berlin Hbf
21:32,RE 73828,Berlin-Charlottenburg (ab 21:24),Berlin Hbf
21:33,FEX19866,Ludwigsfelde (ab 20:32),Berlin Hbf
21:33 (+102),ICE 276,Basel SBB (ab 14:13),Berlin Hbf
21:33 (+102),ICE 2870,Basel SBB (ab 14:13),Berlin Hbf
21:39,RE 73791,Frankfurt(Oder) (ab 20:26),Berlin Hbf
21:43,RE 3520,Berlin Südkreuz (ab 21:35),Berlin Hbf
21:44,RE 3736,Beelitz-Heilstätten (ab 21:01),Berlin Hbf
21:48,RB 18632,Berlin Südkreuz (ab 21:41),Berlin Hbf
21:49 (+99),IC 241,Amsterdam Centraal (ab 16:00),Berlin Hbf
21:53 (+8),ICE 1000,München Hbf (ab 17:22),Berlin Hbf
21:57,RE 33830,Magdeburg Hbf (ab 20:12),Berlin Hbf
21:57,RE 73746,Magdeburg Hbf (ab 20:12),Berlin Hbf
22:03,FEX19868,Wünsdorf-Waldstadt (ab 20:49),Berlin Hbf
22:07,RE 62032,Elsterwerda (ab 20:05),Berlin Hbf
22:07,RE 62085,Elsterwerda (ab 20:05),Berlin Hbf
22:08 (+17),ICE 609,Hamburg-Altona (ab 19:37),Berlin Hbf
22:09 (+1),RE 3519,Stralsund Hbf (ab 19:01),Berlin Hbf
22:12,RE 73788,Brandenburg Hbf (ab 21:19),Berlin Hbf
22:14,RB 18633,Wustermark (ab 21:38),Berlin Hbf
22:14 (+1),RE 3183,Jüterbog (ab 21:03),Berlin Hbf
22:14 (+1),RE 3741,Berlin Ostbahnhof (ab 22:04),Berlin Hbf
22:16 (+46),EC 40,Warszawa Wschodnia (ab 16:44),Berlin Hbf
22:19 (+85),ICE 1159,Bonn Hbf (ab 17:49),Berlin Hbf
22:20,RE 62037,Flughafen BER (ab 21:44),Berlin Hbf
22:22 (+28),ICE 702,München Hbf (ab 17:09),Berlin Hbf
22:24 (+2),IC 495,Rostock Hbf (ab 20:21),Berlin Hbf
22:28 (+2),RE 3357,Schwedt(Oder) (ab 21:06),Berlin Hbf
22:31 (+70),ICE 792,Frankfurt(M) Flughafen Fernbf (ab 18:09),Berlin Hbf
22:31 (+6),RE 3320,Lutherstadt Wittenberg Hbf (ab 21:00),Berlin Hbf
22:32 (+128),ICE 594,München Hbf (ab 13:59),Berlin Hbf
22:33,FEX19870,Schönefeld(bei Berlin) (ab 22:03),Berlin Hbf
22:34,ICE 700,Berlin Südkreuz (ab 22:27),Berlin Hbf
22:38 (+1),RE 62034,Elstal (ab 22:07),Berlin Hbf
22:39 (+1),RE 73793,Güsen(b Genthin) (ab 00:10),Berlin Hbf
22:43,RE 4368,Langhagen (ab 00:41),Berlin Hbf
22:44,RE 3738,Beelitz-Heilstätten (ab 22:01),Berlin Hbf
22:44 (+8),RE 52834,Schwerin Hbf (ab 20:13),Berlin Hbf
22:52 Ausfall,ES 452,Praha hl.n. (ab 18:02),Berlin Hbf
22:52 (+35),ICE 1102,München Hbf (ab 18:51),Berlin Hbf
22:54,RE 33832,Magdeburg Hbf (ab 21:06),Berlin Hbf
22:54 (+1),RE 73748,Jacobsdorf(Mark) (ab 00:04),Berlin Hbf
22:56 (+30),ICE 832,Frankfurt(Main)Hbf (ab 19:02),Berlin Hbf
23:00,RE 73827,Fürstenwalde(Spree) (ab 22:13),Berlin Hbf
23:02 (+1),RE 3162,Rathenow (ab 22:06),Berlin Hbf
23:05,RE 3185,Jüterbog (ab 22:03),Berlin Hbf
23:10 (+4),RE 4369,Rostock Hbf (ab 20:37),Berlin Hbf
23:12,RE 3743,Falkenberg(Elster) (ab 06:14),Berlin Hbf
23:12,RE 62087,Cottbus Hbf (ab 18:03),Berlin Hbf
23:12,RE 91787,Rangsdorf (ab 22:35),Berlin Hbf
23:16 (+66),ICE 807,Hamburg-Altona (ab 20:35),Berlin Hbf
23:17 (+72),ICE 645,Düsseldorf Hbf (ab 18:52),Berlin Hbf
23:17 (+72),ICE 655,Köln Hbf (ab 18:45),Berlin Hbf
23:18,RE 62039,Berlin Ostkreuz (ab 23:03),Berlin Hbf
23:20,FEX19872,Schönefeld(bei Berlin) (ab 22:32),Berlin Hbf
23:24,ICE 271,Berlin Ostbahnhof (ab 23:15),Berlin Hbf
23:30 (+71),ICE 274,Basel SBB (ab 16:13),Berlin Hbf
23:32 (+13),ICE 500,München Hbf (ab 18:55),Berlin Hbf
23:32 (+1),RE 3319,Stralsund Hbf (ab 20:16),Berlin Hbf
23:38,RE 62036,Wustermark (ab 23:04),Berlin Hbf
23:39,RB 68998,Gadebusch (ab 22:03),Berlin Hbf
23:39,RE 56381,Frankfurt(Oder) (ab 22:24),Berlin Hbf
23:39 (+15),RE 73795,Frankfurt(Oder) (ab 22:24),Berlin Hbf
23:42,FEX19874,Schönefeld(bei Berlin) (ab 23:01),Berlin Hbf
23:44 (+13),RE 3740,Beelitz-Heilstätten (ab 23:01),Berlin Hbf
23:50 Ausfall,ICE 1018,München Hbf (ab 19:55),Berlin Hbf
23:56,RE 33834,Magdeburg Hbf (ab 22:06),Berlin Hbf
23:56 (+17),RE 73750,Berlin Friedrichstr (ab 00:01),Berlin Hbf
